2084 图结构 100 13
154 980 96.91558441558442 6.3636363636363632081 字符串 100 6
2180 字符串 100 26
2190 字符串 100 16
2177 字符串 100 1
2892 字符串 100 15
2188 字符串 100 17
2199 字符串 100 51
2198 字符串 0 39
2164 字符串 100 5
2531 字符串 100 2
2894 字符串 100 4
2530 字符串 100 7
2200 字符串 100 13
2908 字符串 100 43
2936 字符串 100 33
2474 线性表 100 2
2173 线性表 100 1
2171 线性表 100 5
2647 线性表 100 1
2548 线性表 100 28
2547 线性表 100 1
2589 线性表 100 2
2169 线性表 100 10
2145 线性表 100 1
2607 线性表 100 7
2629 线性表 100 7
2561 线性表 100 1
2186 线性表 100 1
2142 线性表 100 4
2185 线性表 25 1
2482 线性表 100 2
2141 线性表 100 2
2184 线性表 100 1
2140 线性表 100 6
2183 线性表 100 2
2182 线性表 100 8
2181 线性表 100 10
2614 线性表 100 2
2558 线性表 100 4
2610 线性表 100 8
2212 线性表 100 2
2618 线性表 100 4
2617 线性表 100 5
2615 线性表 100 4
2176 数组 100 14
2494 数组 100 1
2373 数组 100 9
2252 数组 100 7
2395 数组 100 8
2394 数组 100 2
2371 数组 100 3
2392 数组 100 1
2701 数组 100 1
2426 数组 100 1
2425 数组 100 3
2424 数组 100 1
2203 数组 0 11
2467 数组 100 2
2346 数组 100 10
2423 数组 100 1
2466 数组 100 4
2345 数组 100 6
2389 数组 100 9
2344 数组 100 6
2388 数组 100 1
2442 数组 100 1
2209 数组 100 9
2307 数组 100 4
2527 数组 100 16
2342 数组 100 16
2386 数组 100 4
2341 数组 100 6
2340 数组 100 1
2283 数组 100 1
2061 数组 100 1
2280 数组 100 2
2438 数组 100 1
2339 数组 100 32
2338 数组 100 3
2359 数组 100 1
2358 数组 100 6
2357 数组 100 2
2356 数组 100 10
2279 数组 100 2
2179 数组 100 1
2498 数组 100 1
2278 数组 100 2
2211 数组 100 25
2718 数组 100 13
2463 查找算法 100 3
2451 查找算法 100 3
2462 查找算法 100 11
2450 查找算法 100 19
2461 查找算法 100 1
2537 查找算法 100 10
2449 查找算法 100 4
2514 查找算法 100 1
2445 查找算法 100 3
2741 查找算法 100 2
2542 查找算法 100 1
2454 查找算法 100 4
2465 查找算法 100 4
2453 查找算法 100 1
2464 查找算法 100 5
2506 查找算法 100 23
2505 查找算法 100 3
2535 排序算法 100 1
2534 排序算法 100 1
2412 排序算法 100 13
2444 排序算法 100 3
2387 排序算法 100 4
2441 排序算法 100 1
2396 排序算法 100 4
2440 排序算法 100 1
2152 排序算法 100 9
2490 排序算法 100 1
2070 数字操作 100 8
2111 数字操作 100 5
2099 数字操作 100 4
2110 数字操作 100 1
2153 数字操作 100 4
2098 数字操作 100 8
2097 数字操作 100 14
2096 数字操作 100 1
2095 数字操作 100 1
2094 数字操作 100 1
2093 数字操作 100 1
2108 数字操作 100 1
2106 数字操作 100 3
2127 数字操作 100 1
2105 数字操作 100 2
2069 数字操作 100 3
2068 数字操作 100 1
2109 数字操作 100 2
2067 数字操作 100 4
2584 数字操作 100 1
2100 数字操作 100 1
2122 数字操作 100 1
2121 数字操作 100 8
2065 数字操作 100 3
2120 数字操作 100 1
2064 数字操作 100 1
2063 数字操作 100 1
2117 数字操作 100 1
2116 数字操作 100 7
2114 数字操作 100 3
2113 数字操作 0 2
2134 数字操作 100 1
2080 图结构 0 10
2088 图结构 100 16
2087 图结构 100 21
2086 图结构 100 5
2085 图结构 100 12
2084 图结构 100 13
154 980 96.91558441558442 6.363636363636363